1	                 122
1	                 122
1	                 122
1	                 122
1	                 122
1	                 122
1	                 122
1	                 122
1	                 122
1	                 122
1	                 122
1	                 122
1	                 122
1	                 122
1	                 122
1	                 122
1	                 122
1	                 122
1	                 122
1	                 122
1	                 122
1	                 122
1	                 122
1	                 122
1	                 122
1	                 122
1	                 122
1	                 122
1	                 122
1	                 122
1	                 122
1	                 122
1	                 122
1	                 122
1	                 122
1	                 122
1	                 122
1	                 122
1	                 122
1	                 122
1	                 122
1	                 122
1	                 122
1	                 122
1	                 122
1	                 122
1	                 122
1	                 122
1	                 122
1	                 122
1	                 122
1	                 122
1	                 122
1	                 122
1	                 122
1	                 122
1	                 122
1	                 122
1	                 122
1	                 122
1	                 122
1	                 122
1	                 122
1	                 122
